<?xml version="1.0"?>
<opencv_storage>
<mine1_mean type_id="opencv-matrix">
  <rows>3</rows>
  <cols>1</cols>
  <dt>d</dt>
  <data>
    1.0134665000000001e+02 1.0030603333333333e+02 1.0596610833333334e+02</data></mine1_mean>
<mine1_std type_id="opencv-matrix">
  <rows>3</rows>
  <cols>1</cols>
  <dt>d</dt>
  <data>
    6.6166632958847401e+01 5.9516184299725488e+01 5.2584940268308728e+01</data></mine1_std>
<mine2_mean type_id="opencv-matrix">
  <rows>3</rows>
  <cols>1</cols>
  <dt>d</dt>
  <data>
    1.0827576666666667e+02 1.2107025000000000e+02 1.2592687500000001e+02</data></mine2_mean>
<mine2_std type_id="opencv-matrix">
  <rows>3</rows>
  <cols>1</cols>
  <dt>d</dt>
  <data>
    6.5115620266918725e+01 5.8091920966724530e+01 5.8420963940475794e+01</data></mine2_std>
<mine3_mean>100</mine3_mean>
<mine3_std>69</mine3_std>
</opencv_storage>
